4877	34
4876	37
4876	35
4888	31
4881	40
4883	36
4884	36
4886	36
4882	29
4882	34
4887	40
4885	29
4885	34
4880	21
4879	40
4874	34
4872	34
4869	16
4878	34
4873	34
4875	36
4868	36
4871	36
4870	19
4867	18
4864	36
4865	36
4866	36
4863	19
4862	36
4862	29
4861	35
4861	39
4860	23
4858	38
4858	36
4859	39
4855	28
4855	36
4857	20
4857	17
4852	39
4850	19
4851	16
4854	11
4853	29
4856	27
4846	31
4845	36
4847	38
4848	34
4849	5
4844	36
4840	31
4842	23
4843	16
4839	19
4841	28
4837	32
4838	20
4835	40
4833	36
4832	36
4834	39
4836	36
4831	31
4831	36
4829	40
4830	16
4826	36
4826	34
4828	21
4820	36
4827	36
4825	26
4800	37
4804	37
4822	31
4811	37
4818	19
4819	25
4823	36
4821	31
4816	24
4817	21
4824	31
4812	14
4812	11
4813	20
4813	19
4814	40
4815	18
4810	36
4808	36
4805	28
4809	36
4807	16
4806	22
4802	31
4801	14
4801	11
4799	36
4803	31
4797	16
4798	36
4796	24
4795	40
4794	21
4794	31
4790	31
4793	32
4792	28
4791	23
4789	36
4788	31
4784	31
4785	16
4787	16
4783	22
4781	31
4786	37
4776	22
4777	36
4778	36
4775	36
4782	31
4773	31
4779	35
4780	23
4774	31
4772	31
4771	19
4769	40
4768	20
4770	39
4765	36
4765	34
4761	5
4763	31
4762	31
4767	40
4766	40
7438	39
4764	31
4760	19
4759	20
4752	40
4754	40
4753	40
4748	40
4755	40
4746	40
4749	40
4758	34
4747	39
4751	31
4757	36
4757	40
4750	31
4756	34
4740	36
4739	34
4736	31
4733	31
4745	20
4744	23
4742	19
4738	20
4737	36
4737	29
4734	40
4735	36
4741	36
4743	36
4731	16
4732	40
4729	40
4730	21
4728	21
4725	31
4725	21
4727	31
4727	21
4726	27
4726	21
4721	16
5790	24
5792	31
5778	31
5778	37
5789	40
5783	19
5774	38
5788	19
5788	36
5786	36
5787	40
5772	23
5779	36
5784	40
5791	36
5791	24
5782	19
5771	40
5780	36
5777	25
5777	39
5781	36
5775	20
5776	19
5773	24
5785	14
5766	17
5770	36
5770	38
5768	36
5769	17
5765	36
5759	36
5759	16
5764	20
5763	36
5758	36
5762	17
5749	36
5748	24
5747	32
5753	12
5752	22
5751	36
5746	29
5746	34
5767	19
5761	19
5760	30
5760	24
5757	19
5755	28
5755	35
5744	36
5756	19
5740	36
5742	36
5738	24
5741	20
5743	22
5736	22
5737	31
5739	31
5750	19
5745	19
5754	36
5733	36
5734	22
5735	19
5729	21
5731	40
5732	19
5717	39
5720	16
5730	32
5730	9
5728	16
5727	19
5722	22
5724	28
5724	36
5715	21
5716	34
5719	24
5709	31
5704	23
5705	32
5705	16
5713	36
5712	36
5726	36
5721	40
5725	39
5723	39
5708	19
5710	19
5711	19
5718	16
5714	16
5706	37
5695	31
5695	21
5700	42
5691	24
5702	24
5697	25
5697	40
5701	32
5699	20
5699	25
5690	31
5698	36
5693	36
5692	19
5694	20
5694	25
5703	36
5707	10
5688	29
5689	31
5686	36
5687	21
5687	1
5687	4
5696	36
5667	39
5667	42
5680	36
5678	18
5683	36
5679	31
5682	40
5681	28
5681	36
5676	21
5671	21
5677	1
5674	26
5673	36
5672	32
5672	16
5675	36
5684	36
5685	36
5662	5
5664	34
5663	19
5668	36
5665	6
5670	9
5661	19
5658	22
5657	5
5657	20
5660	5
5660	20
5659	18
5659	14
5669	27
5666	27
5656	32
5652	5
5653	26
5655	32
5654	36
5648	32
5648	17
5650	36
5650	21
5646	19
5647	21
5649	36
5645	31
5641	21
5641	11
5651	42
5642	22
5644	13
5644	23
5643	24
5636	24
5639	22
5638	27
5637	24
5626	31
5621	36
5623	37
5624	22
5640	19
5635	21
5620	28
5620	36
5628	40
5622	42
5630	36
5634	23
5631	41
5632	36
5633	16
5633	19
5625	31
5629	34
5627	6
5627	42
5614	41
5619	26
5611	27
5611	32
5611	36
5610	32
5617	40
5615	36
5600	26
5613	22
5609	26
5604	5
5608	32
5612	22
5618	31
5599	32
5602	34
5607	22
5616	18
5616	36
5596	37
5603	8
5603	36
5606	19
5601	36
5598	36
5605	21
7446	20
5597	19
5589	31
5592	31
5591	36
5594	22
5587	19
5588	10
5583	22
5595	36
5593	17
5582	22
5581	23
5586	31
5585	36
5585	42
5584	28
5590	19
5590	20
5579	36
5576	24
7445	24
5580	28
5570	17
5572	22
5572	9
5578	35
5578	7
5578	8
5578	9
5577	19
5568	36
5568	20
5565	34
5571	34
5573	36
5575	31
5487	37
5569	16
5574	28
5567	24
5566	24
5563	42
5561	36
5561	29
5562	36
5559	36
5556	34
5556	36
5557	31
5564	16
5558	31
5560	37
5550	32
5552	36
5555	36
5555	27
5553	24
5554	26
5551	23
5551	36
5541	21
5545	22
5549	36
5546	37
5542	36
5543	16
5543	20
5547	31
5544	40
5540	16
5539	40
5548	36
5534	19
5530	13
5532	27
5531	22
5533	20
5537	20
5538	36
5529	20
5528	19
5528	21
5523	40
5523	36
5527	31
5525	1
5524	1
5524	2
5526	36
5536	36
5535	30
5519	21
5521	22
5522	18
5520	18
5518	27
5518	36
5516	31
5517	27
5517	39
5517	36
5514	40
5514	35
5514	21
5509	20
5509	21
5510	22
5512	28
5511	29
5511	36
5515	27
5503	19
5508	22
5513	36
5505	9
5505	32
5506	22
5502	24
5502	20
5502	39
5507	40
5507	27
5504	37
5504	38
5504	39
5497	27
5497	40
5495	36
5498	40
5493	36
5494	40
5489	31
5492	16
5492	40
5499	16
5451	16
5490	40
5483	21
5482	22
5482	9
5500	19
5501	20
5486	20
5485	19
5485	20
5484	8
5496	19
5491	16
5491	40
5488	39
5488	27
5470	16
5470	39
5472	16
5477	22
5475	28
5474	31
5480	20
5473	21
5478	40
5478	36
5479	38
5471	36
5476	40
5467	36
5481	36
5469	36
5468	40
5459	19
5459	13
5456	20
5465	19
5461	22
5455	30
5463	36
5466	36
5458	1
5458	22
5444	37
5442	37
5449	19
5453	31
5453	19
5450	22
5450	36
5447	34
5443	5
5452	29
5452	20
5462	19
5464	19
5457	40
5457	16
5445	16
5446	40
5460	36
5454	37
5438	36
5439	36
5436	29
5436	36
5429	23
5440	28
5435	22
5430	24
5433	36
5432	36
5434	24
5431	21
5437	36
5437	34
5423	37
5427	21
5427	28
5428	31
5448	16
5448	40
5424	40
5441	36
5425	16
5425	32
5425	7
5425	8
5426	19
5421	5
5420	20
5420	21
5419	38
5422	9
5418	36
5417	36
5416	20
5415	19
5415	16
5412	23
5407	16
5407	32
5409	38
5405	19
5405	27
5408	36
5413	41
5376	24
5410	34
5410	36
5411	36
5406	19
5406	20
5414	36
5401	24
5402	36
5402	26
5404	28
5400	32
5403	22
5396	19
5397	40
5399	17
5398	16
5395	24
5393	16
5391	40
5394	23
5388	19
5386	40
5385	7
5383	18
5384	32
5392	5
5382	32
5390	39
5387	31
5389	36
5381	31
5379	32
5375	36
5380	24
5378	31
5374	36
5377	9
5366	36
5369	36
5367	31
5370	24
5370	41
5372	36
5373	19
5371	34
5368	20
5361	19
5365	5
5362	40
5364	40
5363	19
5356	23
5359	40
5357	26
5358	22
5351	24
5352	17
5348	24
5350	36
5360	19
5355	19
5354	36
5347	6
5349	22
5349	40
5353	40
5344	36
5339	36
5341	36
5329	18
5335	19
5334	36
5328	36
5337	28
5333	36
5343	36
5340	20
5340	8
5340	23
5346	42
5342	1
5342	19
5332	28
5330	31
5331	28
5338	17
5336	39
5325	34
5326	20
5324	1
5324	40
5323	1
5323	19
5345	19
5327	7
5322	27
5320	38
5317	34
5318	24
5316	9
5316	42
5315	38
5321	19
5319	38
5312	28
5313	17
5308	19
5308	28
5310	18
5311	16
5311	32
5314	36
5307	24
5307	13
5295	38
5300	19
5300	21
5303	22
5306	21
5306	27
5309	27
5309	19
5304	37
5301	23
5297	23
5305	37
5305	19
5299	22
5299	29
5298	36
5298	27
5294	28
5294	36
5302	36
5293	36
5291	36
5291	29
5290	19
5290	21
5287	22
5288	36
5292	36
5292	19
5296	36
5296	22
5296	41
5276	28
5279	26
5289	19
5286	23
5280	28
5280	40
5275	28
5275	40
5278	28
5277	23
5277	1
5281	19
5283	19
5285	40
5284	32
5284	18
5282	5
7447	18
7447	27
5272	28
5273	36
5270	36
5270	22
5262	42
5259	42
5258	16
5267	40
5261	18
5263	19
5265	26
5269	19
5274	19
5271	36
5266	39
5264	36
5254	29
5253	36
5257	16
5257	40
5255	18
5260	20
5260	40
5268	18
5252	41
5256	41
5249	16
5249	32
5247	42
5248	21
5248	20
5251	27
5246	36
5236	36
5240	36
5244	36
5245	40
5242	40
5239	27
5239	32
5250	19
5238	32
5238	18
5233	31
5233	34
5235	36
5234	24
5213	30
5213	21
5175	40
5226	1
5241	32
5237	20
5237	21
5243	40
5243	23
5219	39
5225	18
5227	40
5230	16
5230	40
5221	31
5221	27
5222	27
5231	22
5224	36
5210	40
5211	31
5217	20
5207	36
5202	32
5212	22
5220	13
5232	40
5223	27
5206	29
5214	31
5203	28
5216	31
5216	40
5205	32
5194	40
5204	16
5198	32
5228	27
5228	40
5229	38
5218	16
5208	36
5209	40
5196	40
5195	32
5195	40
5199	29
5200	40
5215	5
5197	19
5201	20
5190	24
5187	24
5191	40
5192	5
5192	40
5188	40
5185	36
5186	32
5189	40
5184	20
5193	21
5183	19
5180	36
5179	36
5177	40
5182	40
5181	27
5178	40
5174	34
5174	41
5176	32
5173	34
5170	40
5172	17
7448	18
5171	40
5171	36
5162	19
5166	29
5161	29
5163	29
5169	29
5167	29
5164	30
5165	22
5159	18
5158	34
5157	27
5155	29
5156	20
5160	28
5142	18
5142	40
5146	16
5141	18
5141	40
5144	41
5151	37
5143	34
5143	36
5148	34
5148	36
5154	21
5150	42
5145	19
5147	19
5152	17
5152	32
5153	18
5153	32
5149	5
5133	32
5129	18
5129	32
5140	40
5135	26
5135	17
5138	21
5138	40
5130	29
5139	17
5139	21
5139	40
5136	20
5131	27
5128	19
5132	36
5137	40
5137	28
5134	40
5121	37
5123	21
5126	36
5122	29
5124	40
5125	16
5127	36
5117	21
5117	20
5116	32
5120	40
5118	18
5119	32
5115	32
5110	26
5111	22
5109	16
5109	40
5107	32
5106	16
5105	5
5108	36
5101	40
5098	19
5098	28
5100	17
5113	36
5114	40
5104	40
5112	22
5099	38
5096	18
5103	28
5102	20
5102	28
5097	23
5092	34
5093	32
5095	40
5091	29
5094	24
5081	28
5082	20
5086	17
5088	41
5089	21
5087	42
5085	41
5090	30
5083	26
5063	36
5078	38
5080	37
5075	37
5079	22
5079	9
5077	7
5076	22
5071	36
5070	28
5084	18
5084	1
5072	26
5067	29
5064	26
5065	7
5065	32
5069	36
5074	37
5074	20
5073	32
5068	32
5058	16
5058	40
5066	19
5019	36
5052	25
5052	24
5056	40
5060	41
5055	40
5059	40
5062	22
5061	22
5057	24
5048	36
5044	13
5044	40
5032	21
5045	36
5045	20
5046	36
5054	36
5043	28
5043	39
5053	36
5033	28
5033	36
5034	36
5034	28
5039	20
5050	40
5050	36
5051	36
5035	36
5031	36
5031	32
5031	27
5040	24
5042	21
5042	36
5037	36
5036	16
5036	40
5038	35
5041	36
5030	20
5011	24
5027	19
5026	42
5026	17
5025	19
5049	24
5047	21
5047	13
5047	23
5024	19
5024	21
5028	19
5023	36
5023	18
5029	22
5018	36
5008	36
5013	36
5014	36
5014	29
5015	36
5016	36
5017	36
5017	18
5012	31
5012	18
5009	36
5010	36
4995	23
4999	22
5022	5
5022	23
5021	36
5020	19
5007	17
5007	23
4986	36
4985	36
4983	36
4971	36
4977	16
4970	16
4978	32
4978	16
5002	31
5004	36
5005	30
5006	36
5003	23
5000	36
5000	29
5001	24
4987	36
4996	19
4990	36
4997	36
4998	36
4991	36
4992	42
4992	39
4988	36
4982	24
4993	32
4993	17
4993	27
4979	36
4989	36
4994	22
4994	17
4984	18
4981	19
4981	5
4974	36
4972	36
4948	37
4947	37
4949	37
4968	37
4960	37
4961	37
4961	1
4969	37
4950	37
4962	16
4964	36
4973	36
4973	16
4980	23
4951	36
4952	32
4954	5
4953	36
4955	36
4956	36
4957	36
4963	36
4958	8
4965	24
4965	5
4959	36
4934	16
4934	36
4931	32
4931	18
4931	17
4932	32
4932	17
4943	18
4943	32
4935	36
4935	29
4939	40
4939	38
4942	40
4933	18
4930	34
4941	19
4945	36
4936	40
4936	25
4928	32
4926	17
4926	24
4938	31
4938	17
4940	17
4940	29
4944	17
4944	36
4937	17
4937	36
6444	39
6444	42
6446	31
4929	31
4966	24
4976	36
4975	36
4975	23
4967	23
4946	16
6416	19
6416	21
6442	21
6429	21
6436	19
6427	19
6421	19
6421	31
6443	19
6443	25
6406	31
6433	28
6430	36
6422	30
6437	31
6434	36
6434	22
6439	36
6441	36
6403	23
6402	32
6402	16
6431	32
6431	36
6440	18
6426	18
6425	17
6424	31
6428	40
6438	36
6423	22
6445	27
6432	21
4925	40
4925	28
4927	19
4927	5
6417	13
6435	20
6420	24
6415	16
6418	36
6419	36
6413	21
6414	24
6412	19
6410	25
6409	16
6409	40
6408	5
6401	23
6400	18
6404	31
6405	18
6399	18
6398	19
6395	31
6383	29
6388	19
6392	19
6396	36
6384	19
6390	19
6385	24
6386	32
6379	18
6380	36
6411	23
6407	16
6407	40
6397	22
6391	36
6391	29
6394	8
6393	40
6387	24
6389	27
6377	40
6378	40
6381	40
6382	30
6376	19
6375	31
6373	36
6372	31
6369	36
6374	39
6370	36
6371	36
6368	19
6339	37
6358	31
6360	35
6357	41
6359	36
6364	31
6365	23
6366	36
6367	40
6363	23
6363	7
6362	24
6356	31
6354	16
6354	5
6351	40
6361	8
6353	36
6352	31
6349	28
6348	37
6350	37
6345	17
6347	36
6344	9
6355	40
6346	8
6341	19
6342	36
7449	36
6340	36
6343	5
6338	17
6338	36
6337	36
6336	36
6335	36
6333	28
6331	32
6327	40
6334	36
6334	21
6332	36
6328	24
6329	28
6330	29
6325	37
6324	32
6326	22
6323	39
6316	36
6319	36
6320	19
6321	20
6315	20
6317	40
6318	18
6322	28
6314	21
6314	17
6313	9
6308	37
6311	36
6312	36
6312	40
6309	21
6310	31
6298	21
6301	31
6300	36
6304	36
6307	23
6306	38
6296	17
6296	38
6293	3
6294	1
6292	36
6289	40
6288	28
6303	40
6305	36
6302	28
6297	28
6295	19
6299	9
6291	34
6290	16
6286	35
6287	8
6283	23
6281	28
6282	40
6280	40
6284	9
6284	17
6285	5
6273	36
6272	9
6279	20
6270	19
6270	36
6275	32
6271	32
6278	36
6263	40
6263	17
6277	40
6267	36
6274	36
6276	21
6262	30
6264	21
6265	40
6265	22
6269	17
6268	36
6266	2
6259	27
6259	18
7450	16
6261	36
6254	36
6256	37
6255	37
6253	37
6258	37
6260	19
6260	21
6257	19
6257	21
6248	34
6244	36
6247	40
6243	21
6246	40
6245	36
6250	34
6237	18
6241	36
6240	40
6242	7
6239	36
6239	42
6238	27
6238	32
6236	40
6236	36
6235	23
6234	21
6231	40
6231	25
6232	21
6229	34
6233	20
6233	38
6230	36
6228	36
6221	31
6220	37
6223	36
6223	19
6227	36
6226	26
6222	20
6224	21
6214	17
6218	5
6213	40
6216	36
6209	36
6215	31
6212	22
6195	29
6217	16
6211	24
6225	36
6210	8
6219	9
6207	11
6205	36
6202	19
6202	28
6201	19
6203	19
6198	34
6198	40
6204	34
6206	21
6089	40
6200	34
6199	21
6197	36
6194	28
6196	36
6190	17
6189	20
6192	21
6193	19
6191	19
7451	36
6185	29
6186	29
6184	29
6188	34
6183	16
6182	21
6187	1
6176	18
6178	21
6177	11
6179	10
6180	5
6181	7
6175	36
6175	40
6174	27
6167	42
6173	36
6170	28
6166	16
6172	5
6168	34
6169	40
6169	21
6164	23
6162	13
6165	29
6163	40
6160	28
6161	14
6152	40
6157	24
6159	19
6154	21
6156	20
6171	36
6171	40
6148	36
6149	21
6155	38
6158	36
6150	16
6150	18
6153	34
6147	10
6151	7
6145	40
6144	38
6143	28
7452	40
6141	38
6146	36
6139	4
6140	34
6142	16
6138	34
6137	34
6136	17
6134	32
6129	34
6133	19
6131	36
6131	28
6132	37
6127	37
6127	16
6126	31
6125	36
6128	40
6135	42
6130	34
6119	38
6122	24
6120	32
6124	32
6117	40
6116	24
6118	18
6121	18
6115	8
6112	40
6112	28
6111	22
6113	34
6110	23
6107	20
6101	5
6102	34
6090	28
6106	34
7453	22
6114	36
6114	9
6108	16
6108	23
6123	34
6100	36
6103	36
6109	19
6109	38
6104	35
6099	41
6087	37
6105	9
6098	20
6097	40
6096	24
6095	40
6094	20
6091	34
6091	26
6092	34
6085	38
6086	40
6093	21
6084	40
6083	22
6082	40
6088	40
6081	37
6079	19
6080	21
6076	28
6078	27
6075	36
6074	7
6070	18
6072	36
6072	34
6071	34
6071	29
6073	23
6073	27
6073	11
6077	23
6067	36
6069	23
6068	16
6065	8
6062	19
6058	26
6063	32
6057	20
6059	25
6059	40
6043	22
6049	36
6049	28
6053	28
6054	16
6047	29
6048	36
6066	40
6055	36
6046	24
6051	16
6056	36
6064	36
6045	4
6044	27
6052	27
6050	16
7455	36
7455	42
6060	36
6060	40
6061	36
6061	40
6038	36
6039	16
7454	30
6036	36
6036	28
6041	28
6042	27
6042	23
6040	16
6037	25
6037	16
6034	36
6016	42
6032	27
6031	36
6031	34
6030	40
6026	8
6035	24
6027	24
6023	16
6021	18
6020	19
6024	18
6025	34
6025	23
6029	13
6033	17
6028	19
6018	28
6019	19
6019	20
6017	13
6015	18
6022	42
6013	26
6014	16
6001	37
6006	36
6009	28
6005	40
6011	24
6010	32
6010	17
6004	34
6007	40
5995	36
5998	19
6003	36
6000	36
6002	36
6012	34
5994	31
5991	24
5999	36
5997	18
6008	9
5989	42
5970	21
5988	17
5988	21
5990	17
5990	21
5993	19
5987	34
5981	36
5978	34
5978	29
5985	29
5986	25
5982	24
5996	17
5992	36
5979	21
5980	34
5971	28
5971	26
5984	9
5972	30
5975	25
5974	29
5973	22
5983	23
5977	36
5977	19
5976	18
5976	27
5969	34
5969	26
5968	34
5968	26
5967	34
5967	26
5963	24
5966	24
5961	36
5961	26
5960	19
5960	26
5964	19
5964	26
5962	36
5962	24
5959	16
5959	36
5965	26
5965	18
5958	24
5957	19
5957	36
5954	27
5956	36
5955	19
5955	26
5952	32
5952	14
5953	36
5950	19
5950	28
5951	36
5951	38
5949	34
5948	34
5948	21
5944	21
5944	40
5945	19
5945	28
5943	19
7456	22
7456	10
5947	40
5947	25
5946	36
5941	36
5942	42
5940	20
5940	17
5939	34
5938	24
5934	40
5935	36
5935	29
5936	34
5937	16
5931	36
5933	34
5926	36
5932	29
5930	17
5927	17
5927	24
5929	36
5928	36
5923	23
5924	19
5925	21
5921	40
5922	36
5918	19
5919	20
5920	38
5917	28
5912	19
5916	23
5915	40
5915	25
5914	22
5913	19
5911	9
5910	36
5908	40
5908	25
5909	22
5904	19
5903	29
5905	34
5906	40
5907	24
5901	24
5902	19
5900	31
5898	37
5896	36
5897	40
5899	40
5890	20
5893	36
5889	41
5894	34
5892	22
5891	5
5895	21
5888	39
5883	40
5885	34
5880	34
5887	24
5887	41
5881	34
5886	24
5882	34
5884	17
6909	19
5877	5
5878	5
5879	36
5871	18
5876	36
5867	36
5873	15
5856	5
5869	19
5874	20
5868	9
5866	34
5872	9
5865	15
5859	36
5857	36
5862	7
5870	18
7457	35
5863	37
5860	1
5860	2
5858	34
5855	42
5875	22
5861	40
5864	22
5852	9
5849	36
5850	17
5854	36
5851	32
5851	27
5851	18
5853	23
5841	31
5845	29
5839	39
5840	28
5835	23
5846	19
5838	17
5838	40
5836	32
5837	21
5834	21
5825	7
5825	17
5826	36
5826	40
5829	21
5829	36
5848	7
5848	10
5815	27
5843	22
5843	40
5832	24
5833	36
5833	29
5847	28
5844	21
5842	19
5813	18
5816	24
5827	36
5821	18
5817	32
5818	28
5818	36
5824	18
5824	32
5820	32
5822	30
5823	17
5823	42
5814	24
5819	28
5828	5
5828	21
5828	23
5830	9
5830	23
5831	27
5831	32
6908	36
6907	40
5812	21
5804	1
5804	9
5804	36
5811	31
5811	38
5806	31
5805	1
5805	13
5805	21
5805	24
5809	23
5807	19
5807	21
5810	19
5810	27
5808	18
5808	29
5808	32
5797	36
5797	42
5799	23
5799	36
5798	42
5800	31
5794	19
5795	24
5803	19
5803	26
5803	31
5793	28
5796	29
5796	36
5801	32
5802	21
5802	27
6899	29
6903	36
6897	36
6900	36
6905	36
6901	5
6901	36
6904	36
6891	36
6894	36
6896	32
6895	40
6893	36
6892	36
6890	36
6889	36
6882	5
6882	23
6906	13
6906	27
6902	36
6902	34
6902	29
6898	35
6886	36
6881	36
6883	36
6888	24
6885	1
6884	37
6884	35
7458	24
6887	38
6874	36
6877	32
6876	7
6880	5
6879	22
6879	40
6872	19
6873	5
6875	22
6878	31
6871	27
6863	36
6865	36
6861	19
6867	37
6868	27
6870	36
6864	19
6866	4
6869	24
6862	27
6860	10
6859	11
6858	36
6854	18
6847	36
6846	27
6848	36
6852	36
6855	9
6855	23
6849	18
6850	22
6853	37
6853	16
6845	5
6856	9
6851	19
6844	37
6844	23
6843	37
6842	19
6839	38
6841	40
6837	7
6838	40
6840	36
6836	36
6835	24
7464	30
7463	30
7462	31
6831	26
6834	42
6832	18
6833	21
6827	5
6826	21
6829	37
6828	36
6828	38
6857	6
6857	23
6824	16
6830	40
6825	34
6823	36
6822	21
6818	36
6810	37
6810	31
6811	40
7459	22
7459	20
6821	20
6814	37
6814	1
7461	19
6816	36
6820	16
6813	16
6813	27
6817	40
6819	42
6819	23
7468	19
7460	38
6815	18
6812	36
7467	39
6806	40
6806	39
6805	32
6808	36
6807	24
6809	40
6809	39
7466	34
6800	37
6800	35
6799	36
6799	34
6803	17
6798	38
6796	42
6795	19
6801	37
6801	39
6804	37
6804	39
6802	37
6802	39
6797	37
6797	39
6794	40
6794	39
6793	27
6793	21
6791	27
6791	21
6792	39
7465	20
7465	19
6788	32
6788	18
6790	20
6787	32
6789	24
6786	11
6785	36
6784	10
6782	16
6783	13
6779	21
6781	32
6780	19
6774	21
6774	39
6775	37
6778	24
6776	36
6772	40
6771	36
6769	18
6764	34
6768	36
6766	29
6765	36
6770	36
6767	24
6773	32
6763	23
6763	5
6761	16
6758	34
6758	21
6757	36
6757	22
6762	36
6759	36
6756	36
6756	31
6755	38
6755	21
6752	39
6751	36
6760	31
6753	42
6777	19
6749	39
6750	40
6754	36
6754	19
6748	34
6744	16
6746	11
6747	4
6745	24
6743	19
6737	36
6735	6
6741	19
6738	36
6739	18
6740	36
6742	40
6731	29
6730	19
6733	34
6736	19
6728	28
6728	38
6727	18
6729	23
7469	2
7469	21
6732	21
6732	28
6734	21
6722	36
6722	26
6725	36
6721	21
6720	22
6723	22
6726	36
6726	29
6724	16
6717	22
6716	21
6719	36
6712	40
6712	28
6711	34
6711	36
7473	25
6714	36
6714	39
6718	40
6718	23
6713	16
6715	5
6709	36
7472	34
6710	32
6708	27
6708	9
6708	7
6705	28
6706	19
6704	9
6703	36
6707	37
6707	40
6698	16
6697	26
6696	32
6693	34
6701	11
6701	21
6695	21
6694	37
6694	1
6699	28
6700	27
6691	16
6702	37
6692	35
6690	26
6689	34
6686	36
6687	36
6688	34
6688	36
6685	36
6684	19
6684	35
7471	34
6683	5
6682	20
6681	4
6675	40
6675	21
6674	18
6680	40
6679	21
6667	23
6676	29
7470	36
6646	1
6646	23
6678	11
6678	21
6677	21
6677	28
6671	30
6672	34
6673	23
6673	11
6670	16
6669	19
6666	2
7474	35
6661	28
6661	21
6663	36
6663	42
6665	36
6665	34
6662	40
6662	31
6664	40
6659	24
6660	36
6658	13
6658	31
6654	16
6653	31
6656	21
6657	29
6655	16
6652	36
6651	7
6651	23
6644	16
6642	16
6642	21
6643	16
6650	14
6650	36
6647	36
6647	9
6641	36
6641	31
6648	36
6648	31
6645	31
6640	31
6649	9
6637	8
6637	23
6636	30
6639	28
6638	28
6638	36
6629	20
6633	22
6633	36
6634	22
6634	36
6628	32
6628	18
6630	28
6630	21
6632	18
6632	39
6635	16
6635	21
6631	18
6631	19
6627	34
6627	26
6625	28
6626	19
6626	21
6624	23
6623	7
6621	5
6620	36
6622	30
6619	24
6619	2
6617	42
6617	24
6618	36
6618	28
6615	40
6616	36
6616	38
6613	34
6613	36
6614	36
6605	19
6606	36
6607	36
6607	40
6610	30
6603	36
6603	40
6611	38
6609	27
6609	37
6604	16
6604	37
6612	32
6612	27
6608	40
6608	36
6601	36
6602	36
6594	30
6594	31
6600	22
6600	36
6597	22
6597	36
6593	7
6593	8
6593	9
6593	22
6593	36
6596	1
6596	4
6596	19
6595	36
6599	36
6599	37
6598	36
6592	28
6592	36
6591	29
6591	34
6590	28
6590	36
6585	34
6585	36
6584	36
6589	16
6589	40
6588	18
6588	32
6586	20
6586	36
6587	30
6583	21
6583	42
6581	19
6581	21
6582	19
6582	36
6576	19
6576	28
6577	34
6574	26
6579	34
6579	36
6578	36
6578	40
6580	24
6575	1
6575	9
6575	41
6571	17
6571	21
6571	40
6572	36
6572	40
6573	5
6566	28
6567	21
6567	40
6570	16
6570	36
6570	40
6568	19
6568	31
6569	37
6569	40
6565	27
6565	37
6564	36
6564	40
6562	18
6562	39
6563	22
6563	35
6560	34
6561	7
6561	8
6561	9
6561	32
6557	36
6556	9
6559	16
6555	19
6558	19
6553	38
6553	39
6554	36
6549	16
6549	19
6549	40
6552	28
6552	36
6550	29
6551	20
7475	19
7475	39
6545	37
6545	38
6540	37
6540	20
6541	36
6546	34
6542	26
6547	30
6548	18
6548	40
6544	37
6543	28
6543	40
6539	36
6538	22
6538	40
6537	16
6537	32
6535	36
6535	41
6536	19
6536	36
6532	31
6532	36
6528	36
6531	22
6531	40
6531	36
6533	19
6533	21
6534	41
6530	21
6529	26
6529	24
6527	23
6527	37
6521	41
6521	24
6525	31
6526	36
6524	42
6523	38
6515	28
6520	19
6520	40
6522	19
6517	38
6518	36
6518	41
6516	38
6513	20
6514	41
6509	19
6506	36
6510	36
6508	36
6508	23
6512	36
6511	35
6511	19
6507	36
6505	7
6505	17
6503	22
6504	25
6502	40
6502	23
6499	40
6501	42
6496	19
6496	36
6498	16
6498	36
6495	36
6500	34
6494	21
6497	20
6490	28
6490	21
6489	32
6493	19
6492	27
6492	39
6488	23
6488	40
6943	23
6943	6
6947	19
6947	21
6944	20
6945	40
6942	36
6942	40
6946	20
6941	9
6939	37
6939	26
6939	39
6940	27
6940	37
6940	39
6937	19
6938	36
6938	16
6938	40
6936	34
6933	30
6935	39
6935	36
6935	7
6934	19
6930	32
6932	34
6931	36
6929	36
6929	21
6929	32
6929	31
6927	37
6927	23
6926	22
6928	9
6928	1
6925	36
6925	38
6924	27
6924	36
6924	37
6921	36
6918	30
6918	31
6922	22
6922	26
6920	19
6916	1
6916	2
6916	4
6916	5
6916	16
6916	21
6916	23
6923	32
6923	27
6923	36
6923	18
6919	31
6919	25
6919	23
6917	33
6917	22
6917	32
6915	37
6915	36
6914	24
6914	36
6913	32
6913	27
6913	18
6911	31
6911	21
6911	28
6910	28
6910	31
6912	31
6912	21
6953	33
6953	29
6954	36
6954	34
6956	18
6951	34
6955	35
6952	29
6949	33
6949	31
6948	6
6948	27
6950	33
6950	36
6965	21
6964	19
6962	27
6963	31
6961	33
6961	22
6961	18
6960	33
6960	19
6959	33
6959	19
6957	33
6957	19
6958	33
6958	19
7086	23
7086	31
6970	33
6970	42
6971	33
6971	27
6969	19
6969	36
6968	33
6968	19
6967	33
6967	39
6966	33
6966	19
6979	6
6979	32
6979	21
6981	42
6978	28
6977	33
6977	22
6980	18
6980	22
6980	32
6980	33
6975	29
6972	19
6972	20
6973	33
6973	22
6974	35
6982	37
6982	36
6984	33
6984	39
6985	33
6985	19
6983	18
6983	22
6983	33
6993	34
6993	36
6991	31
6992	28
6992	22
6988	36
6994	40
6994	18
6986	34
6986	36
6989	34
6990	21
6995	31
6996	36
6987	18
6997	7
6997	8
6997	9
6997	17
6997	32
6998	33
6998	7
6999	33
6999	20
7000	33
7000	36
7005	33
7005	22
7005	32
7006	21
7004	32
7004	36
7003	22
7002	27
7002	32
7001	29
7001	36
7007	28
7008	34
7008	36
7087	26
7087	40
7027	22
7027	32
7024	22
7088	28
7088	31
7025	31
7085	33
7085	19
7084	21
7017	33
7082	33
7082	22
7019	30
7083	37
7083	18
7021	33
7021	19
7023	33
7023	19
7080	22
7078	40
7079	40
7081	33
7081	18
7010	33
7010	39
7010	27
7010	6
7010	1
7077	21
7077	27
7077	11
7033	30
7031	21
7035	22
7035	17
7036	21
7036	11
7076	19
7074	37
7074	36
7030	20
7030	40
7075	17
7073	36
7071	40
7072	18
7072	36
7065	6
7062	6
7063	19
7067	39
7064	33
7064	20
7066	36
7068	34
7070	33
7070	19
7069	16
7061	20
7061	25
7060	34
7059	19
7058	40
7052	33
7052	22
7052	21
7052	20
7047	22
7047	33
7053	28
7053	31
7054	40
7046	36
7045	19
7044	33
7044	22
7055	40
7055	38
7050	18
7050	37
7049	17
7048	25
7051	14
7051	1
7043	30
7043	42
7041	20
7042	1
7042	21
7040	19
7039	19
7039	28
7037	32
7037	7
7038	32
7095	34
7092	34
7097	34
7094	40
7090	22
7090	18
7090	33
7091	34
7091	31
7089	18
7089	19
7093	27
7096	31
7099	22
7099	33
7099	18
7100	37
7100	38
7098	19
7102	21
7102	36
7104	17
7103	36
7101	19
7105	20
7107	19
7108	36
7109	36
7110	17
7110	31
7106	13
7106	23
7117	18
7115	34
7113	21
7113	11
7116	13
7116	21
7114	24
7112	40
7118	40
7118	2
7111	40
7111	17
7125	36
7123	9
7123	7
7123	8
7123	17
7122	29
7122	17
7120	28
7124	40
7124	36
7175	28
7172	41
7171	28
7176	34
7176	14
7169	29
7169	36
7174	34
7168	42
7168	23
7119	40
7127	36
7126	40
7121	39
7121	16
7121	8
7173	24
7170	37
7170	17
7178	8
7178	6
7179	24
7177	21
7177	19
7131	21
7131	19
7128	31
7130	14
7132	16
7129	17
7134	16
7134	27
7133	16
7136	36
7136	40
7135	19
7135	36
7158	33
7158	22
7154	29
7160	21
7156	24
7156	41
7152	33
7152	22
7152	27
7153	19
7161	33
7161	22
7159	28
7151	30
7162	42
7162	39
7157	19
7155	21
7155	19
7148	31
7148	36
7146	32
7149	22
7150	1
7150	12
7150	16
7145	40
7145	38
7139	8
7144	34
7144	21
7142	24
7143	40
7137	18
7137	31
7140	40
7147	40
7138	2
7138	40
7141	2
7141	40
7164	36
7164	16
7163	35
7163	21
7183	32
7183	17
7165	39
7165	17
7166	39
7166	8
7166	32
7167	39
7182	19
7182	27
7181	19
7189	19
7188	38
7190	19
7187	32
7187	21
7191	36
7186	28
7185	21
7194	36
7192	32
7193	32
7193	7
7195	24
7198	19
7198	27
7197	32
7196	40
7196	2
7199	16
7200	16
7200	40
7202	32
7202	17
7201	32
7201	17
7206	36
7204	36
7204	29
7205	21
7205	13
7205	40
7207	19
7207	18
7209	31
7209	17
7203	32
7210	24
7221	37
7221	18
7225	37
7225	8
7223	37
7223	31
7208	28
7211	36
7212	39
7212	16
7213	4
7213	39
7213	42
7217	34
7214	36
7216	18
7215	40
7218	40
7219	9
7220	25
7224	36
7222	36
7222	40
7231	38
7230	20
7227	15
7232	19
7233	36
7228	36
7228	17
7229	7
7229	32
7226	36
7226	40
7240	32
7240	18
7242	33
7242	22
7241	19
7234	20
7235	36
7237	29
7237	18
7236	32
7236	18
7238	36
7239	32
7251	20
7416	40
7418	31
7417	31
7417	32
7252	36
7245	40
7245	36
7247	36
7248	16
7248	40
7244	20
7250	21
7250	27
7250	11
7249	36
7243	21
7246	8
7246	23
7253	10
7253	23
7258	35
7257	21
7254	35
7255	36
7255	19
7256	40
7266	36
7261	36
7264	33
7264	24
7263	21
7263	13
7263	16
7284	19
7267	38
7267	19
7267	21
7260	16
7262	40
7265	39
7265	32
7265	27
7269	16
7269	23
7268	31
7268	18
7259	39
7259	18
7271	37
7271	5
7272	37
7272	25
7273	10
7270	7
7270	23
7274	38
7277	40
7276	40
7275	19
7279	21
7278	19
7281	39
7281	6
7280	36
7282	23
7285	40
7285	16
7283	36
7288	16
7288	40
7287	7
7286	24
7300	40
7299	34
7291	36
7290	24
7294	23
7295	32
7295	40
7295	27
7301	40
7292	29
7293	24
7289	20
7296	6
7298	40
7298	20
7297	23
7297	13
7297	9
7304	36
7303	39
7303	27
7303	19
7303	18
7302	24
7419	36
7419	35
7307	28
7305	19
7309	19
7308	10
7308	7
7308	9
7310	40
7311	38
7312	33
7312	24
7331	36
7333	34
7332	40
7313	41
7315	19
7317	19
7317	6
7320	40
7314	16
7314	19
7316	23
7323	37
7323	19
7325	40
7321	36
7322	38
7322	40
7324	32
7324	16
7327	6
7326	36
7328	36
7329	30
7329	21
7330	39
7330	6
7335	36
7334	16
7352	39
7365	37
7365	16
7364	37
7364	16
7340	40
7340	25
7337	26
7337	25
7336	40
7336	13
7339	18
7339	27
7347	18
7347	20
7338	36
7342	24
7341	40
7341	36
7344	30
7345	21
7343	8
7343	42
7346	7
7351	18
7348	24
7349	17
7350	39
7350	42
7353	21
7360	16
7358	30
7355	20
7356	27
7356	21
7357	31
7359	40
7359	26
7354	24
7362	20
7361	28
7361	31
7363	5
7366	32
7367	20
7367	31
7368	19
7368	24
7370	36
7369	34
7369	42
7371	31
7371	24
7373	39
7373	36
7375	22
7374	18
7374	22
7376	36
7372	40
7372	16
7377	24
7379	20
7379	24
7378	19
7381	24
7381	41
7384	21
7382	24
7383	36
7387	23
7424	31
7420	36
7420	5
7421	36
7389	24
7391	32
7394	40
7392	40
7396	14
7393	36
7395	19
7398	36
7397	36
7400	36
7401	36
7403	36
7399	36
7402	19
7408	19
7404	34
7405	37
7407	21
7409	24
7411	21
7413	34
7413	36
7412	28
7412	36
7410	36
7426	36
7444	32
7477	16
7476	22
7476	33
7478	36
7478	40
7481	40
7484	34
7483	34
7482	21
7485	40
7487	20
7480	20
7479	19
7488	16
7490	36
7492	16
7489	34
7494	40
7491	36
7496	32
7499	40
7499	16
7497	40
7497	16
7500	22
7498	29
7505	1
7504	33
7504	18
7501	30
7506	19
7507	40
7502	9
7503	24
7512	19
7509	19
7508	5
7513	17
7513	40
7514	21
7517	32
7515	24
7516	34
7510	24
7511	24
7529	24
7518	19
7523	31
7526	34
7521	40
7527	18
7524	40
7530	40
7525	40
7519	40
7520	24
7528	24
7531	21
7531	40
7522	36
7532	16
7532	40
7533	31
7536	38
7541	25
7544	36
7544	31
7538	26
7539	36
7540	26
7534	29
7542	36
7535	21
7543	37
7543	19
7547	40
7545	20
7549	21
7548	22
7546	21
7546	40
7552	18
7552	31
7555	40
7551	24
7556	32
7550	24
7553	34
7554	36
7565	40
7569	7
7569	32
7558	40
7558	22
7567	40
7567	13
7562	36
7559	40
7568	24
7557	40
7560	40
7571	36
7561	40
7561	16
7574	40
7563	2
7563	40
7564	36
7566	24
7570	39
7570	36
7572	13
7573	36
7578	34
7577	34
7576	22
7575	31
7580	21
7580	17
7588	21
7588	31
7582	34
7590	16
7590	40
7583	16
7583	40
7585	27
7579	18
7579	14
7587	20
7584	22
7581	36
7589	27
7589	42
7591	19
7591	36
7586	31
7593	36
7592	34
7596	16
7595	28
7594	18
7598	38
7607	16
7607	40
7600	16
7608	16
7604	34
7597	27
7609	36
7602	13
7606	31
7599	27
7605	39
7603	31
7601	9
7601	40
7613	36
7613	34
8097	21
8097	14
7615	18
7612	28
7611	9
7610	36
7614	36
7616	36
7625	31
7617	36
7618	34
7626	19
7620	19
7622	34
7619	16
7623	2
7623	40
7624	23
7624	40
7621	28
7649	31
7651	16
7628	16
7628	19
7648	31
7648	36
7652	36
7652	23
7641	36
7653	16
7654	25
7654	36
7655	36
7655	16
7637	16
7637	13
7637	32
7645	36
7645	29
7642	1
7642	2
7642	27
7650	29
7634	36
7634	4
7634	23
7634	27
7644	23
7643	35
7631	5
7631	23
7632	36
7632	29
7632	34
7640	18
7640	27
7633	10
7633	36
7633	32
7639	16
7629	36
7629	31
7636	36
7636	21
7635	22
7635	36
7635	31
7657	16
7657	36
7647	36
7647	31
7627	36
7627	16
7627	23
7638	36
7638	27
7646	36
7656	17
7656	32
7656	35
7630	27
7630	36
7673	36
7674	25
7674	29
7659	36
7659	31
7659	21
7658	36
7658	31
7661	36
7661	29
7661	34
7660	29
7660	25
7662	29
7662	36
7666	20
7663	21
7663	16
7665	36
7664	36
7667	34
7667	36
7668	34
7668	36
7668	42
7669	28
7669	18
7672	20
7672	31
7670	20
7670	31
7670	16
7671	1
7671	2
7671	9
7671	31
7686	22
7679	34
7679	36
7682	34
7682	36
7680	19
7680	28
7680	35
7678	8
7678	16
7678	32
7683	16
7683	27
7681	31
7681	37
7675	19
7684	20
7684	36
7690	19
7690	31
7676	31
7676	36
7685	36
7685	19
7677	34
7677	36
7688	34
7688	36
7691	40
7687	36
7692	21
7692	35
7695	36
7695	34
7694	34
7694	36
7689	7
7689	9
7689	16
7689	17
7689	26
7689	36
7693	9
7693	23
7693	31
7693	37
7701	36
7698	34
7698	36
7704	1
7704	14
7704	21
7708	33
7708	40
7703	19
7703	21
7703	37
7700	19
7700	21
7700	37
7702	33
7702	36
7702	38
7696	23
7696	29
7696	36
7699	14
7699	15
7697	25
7697	26
7697	36
7705	36
7706	19
7707	16
7707	20
7707	40
7710	32
7710	36
7711	20
7711	36
7709	16
7709	29
7714	26
7714	34
7714	36
7719	34
7719	36
7722	22
7722	33
7718	27
7718	28
7718	32
7718	36
7721	27
7721	28
7721	32
7713	16
7713	27
7713	28
7713	36
7717	29
7717	31
7715	28
7715	35
7712	21
7712	28
7720	30
7720	37
7716	19
7716	21
7716	35
7727	21
7727	29
7727	38
7724	16
7724	40
7726	21
7726	29
7726	32
7723	18
7723	29
7723	36
7728	5
7728	27
7725	29
7725	36
7731	22
7731	33
7734	13
7734	29
7734	32
7729	19
7729	36
7729	39
7737	19
7737	26
7737	31
7737	38
7732	26
7732	36
7732	38
7735	9
7735	23
7735	27
7735	32
7735	36
7733	30
7733	34
7733	37
7730	30
7730	36
7730	37
7741	21
7741	36
7741	40
7743	24
7743	42
7738	19
7738	35
7742	9
7742	27
7742	32
7742	36
7744	19
7744	29
7744	36
7740	14
7740	17
7740	29
7739	19
7739	27
7739	31
7739	35
7745	16
7745	40
7746	16
7746	20
7746	40
7752	22
7752	34
7752	36
7751	16
7751	40
7751	42
7754	18
7754	27
7754	29
7754	32
7754	39
7749	20
7749	21
7749	23
7753	23
7750	25
7750	31
7750	41
7748	1
7748	2
7748	5
7748	27
7748	31
7748	32
7747	29
7747	36
7756	25
7756	40
7757	19
7757	27
7757	35
7755	22
7755	31
7761	13
7761	16
7761	28
7761	31
7761	40
7758	16
7758	22
7758	40
7760	26
7760	34
7760	36
7760	39
7759	12
7759	23
7763	40
7763	36
7764	36
7764	40
7764	38
7768	33
7767	16
7762	16
7766	32
7766	16
7765	29
7771	36
7771	17
7770	40
7770	28
7775	16
7774	23
7774	24
7774	40
7774	36
7772	36
7772	40
7769	22
7769	24
7773	23
7773	24
7780	16
7781	11
7781	27
7778	28
7778	36
7783	24
7784	25
7784	19
7776	27
7791	30
7790	25
7790	16
7790	11
7788	32
7788	36
7779	19
7785	20
7777	29
7777	36
7782	32
7782	9
7793	36
7792	38
7787	28
7786	38
7786	40
7796	19
7789	21
7794	36
7794	21
7795	24
7805	19
7805	21
7806	21
7806	19
7800	22
7800	16
7809	28
7808	36
7808	22
7798	16
7798	21
7798	40
7814	27
7814	29
7811	32
7811	11
7813	36
7803	28
7803	36
7797	16
7797	40
7801	32
7801	36
7815	23
7815	34
7804	22
7812	21
7810	21
7802	25
7817	23
7818	24
7807	24
7799	38
7799	40
7819	36
7819	38
7819	40
7816	20
7816	18
7820	34
7820	36
7822	36
7822	29
7823	23
7823	36
7823	20
7823	22
7824	32
7821	34
7834	19
7825	38
7825	39
7828	5
7828	19
7829	19
7826	27
7826	21
7827	37
7836	29
7836	36
7831	38
7833	36
7833	30
7830	40
7835	16
7835	28
7832	19
7838	21
7838	13
7837	36
7837	30
7840	40
7840	21
7839	19
7839	42
7847	36
7847	29
7847	21
7852	36
7852	40
7850	36
7850	40
7845	31
7845	30
7849	36
7849	40
7844	19
7848	36
7848	30
7851	36
7851	34
7846	36
7846	19
7846	29
7841	36
7841	22
7842	36
7842	42
7843	21
7843	19
7843	31
7854	42
7854	27
7853	25
7853	40
7853	24
7855	17
7856	21
7858	19
7861	36
7860	37
7859	28
7859	36
7869	32
7869	31
7868	21
7868	30
7862	23
7862	10
7867	19
7863	32
7863	31
7863	17
7865	17
7866	21
7866	35
7864	19
7870	21
7857	19
7873	40
7873	25
7872	16
7872	40
7871	21
7871	31
7876	16
7875	19
7874	36
7874	35
7874	19
7877	20
7877	31
7878	19
7878	22
7879	20
7879	31
8030	32
7882	28
7882	21
7880	21
7880	24
8047	37
8048	37
7884	7
7884	32
7883	20
7881	24
7881	39
7888	19
7888	24
7893	27
7891	5
7891	18
7891	21
7886	28
7895	7
7895	40
7887	26
7885	18
7899	34
7894	24
7892	42
7892	20
7890	24
7896	21
7896	36
7896	19
7898	26
7897	37
7889	31
7889	18
7900	31
7900	20
7903	40
7903	20
7905	32
7905	27
7902	25
7902	21
7904	40
7904	28
7906	20
7901	34
7910	18
7910	27
7909	37
7909	36
7908	20
7908	31
7907	16
7911	6
7912	27
7915	36
7915	9
7913	40
7916	41
7916	24
7918	24
7914	17
7914	32
7917	22
7922	31
7922	29
7925	36
7925	34
7925	30
7919	36
7919	28
7919	30
7921	16
7921	40
7923	21
7923	19
7920	16
7927	17
7927	31
7932	11
7932	17
7926	22
7931	32
7931	27
7931	18
7924	36
7928	40
7930	36
7930	19
7929	40
7929	36
7929	22
7937	34
7936	28
7936	36
7935	21
7935	35
7941	34
7941	36
7934	17
7934	24
8085	37
7939	29
7939	31
7933	32
7938	19
7938	31
7940	34
7940	36
7943	21
7943	40
7942	32
7946	34
7946	36
7948	26
7948	36
7948	34
7952	36
7952	40
7953	26
7953	30
7955	5
7944	25
7944	40
7950	42
7950	41
7945	21
7945	40
7949	21
7949	13
7951	27
7951	14
7954	16
7954	23
7947	6
7947	19
7962	21
7960	18
7959	20
7959	31
7965	32
7958	34
7958	30
7963	36
7963	40
7964	19
7964	21
7967	20
7966	34
7966	30
7956	36
7957	40
7957	21
7957	28
7961	32
7961	18
7968	32
7969	11
7969	12
7969	31
7974	27
7974	32
7974	18
7970	27
7970	32
7970	21
7977	18
7977	32
7972	6
7972	23
7976	20
7976	31
7975	24
7973	28
7971	36
7971	28
7982	35
7980	20
7978	28
7981	20
7979	6
7979	23
7983	36
7984	36
7988	26
7993	36
7987	29
7987	20
7987	31
7991	40
7991	30
7985	36
7985	35
7990	20
7990	31
7992	37
7989	37
7994	39
7994	18
7986	38
7986	40
8000	36
8000	34
7996	20
7997	39
7997	18
7998	24
8001	5
8001	37
7995	19
7995	27
8005	20
8007	40
7999	19
7999	27
8002	40
8002	26
8006	18
8006	20
8004	21
8003	19
8003	27
8021	21
8021	40
8019	21
8008	40
8017	3
8017	23
8014	26
8014	34
8012	20
8012	36
8011	20
8011	31
8010	23
8009	5
8020	5
8013	26
8013	34
8018	24
8016	20
8016	29
8015	13
8015	21
8022	26
8022	30
8022	36
8023	24
8024	24
8025	37
8026	37
8028	19
8028	27
8029	32
8029	36
8027	36
8027	42
8027	34
